date,Tmax,Normal of Tmax,Tmin,Normal of Tmin
0,2024-05-29,35.7,36.3,24.1,23.8
1,2024-05-30,36.5,36.3,24.4,23.8
2,2024-05-31,37.1,35.7,24.9,23.6
3,2024-01-06,37.2,35.7,24.9,23.6
4,2024-02-06,36.6,35.7,25.1,23.6
5,2024-03-06,35.3,35.7,25.2,23.6
6,2024-04-06,36.6,35.7,24.1,23.6
7,2024-05-06,34.7,34.3,21.2,23.4
8,2024-06-06,34.9,34.3,24.2,23.4
9,2024-07-06,34.4,34.3,22.9,23.4
10,2024-08-06,34.6,34.3,24.2,23.4
11,2024-09-06,29.2,34.3,21.2,23.4
12,2024-10-06,31.3,32.4,21.6,23.3
13,2024-11-06,31.5,32.4,22.4,23.3
14,2024-12-06,32.6,32.4,24.2,23.3
15,2024-06-13,31.9,32.4,24.4,23.3
16,2024-06-14,30.6,32.4,23.9,23.3
17,2024-06-15,32.4,30.9,23.2,22.9
18,2024-06-16,33.8,30.9,22.7,22.9
19,2024-06-17,34.3,30.9,23.2,22.9
20,2024-06-18,33.1,30.9,23.6,22.9
21,2024-06-19,31.3,30.9,22.9,22.9
22,2024-06-20,32.0,30.4,24.2,23.0
23,2024-06-21,31.0,30.4,23.0,23.0
24,2024-06-22,32.6,30.4,23.1,23.0
26,2024-06-24,33.3,30.4,23.4,23.0
27,2024-06-25,33.7,29.7,24.3,22.8
28,2024-06-26,31.0,29.7,24.2,22.8
29,2024-06-27,30.2,29.7,24.2,22.8
30,2024-06-28,28.9,29.7,22.9,22.8
31,2024-06-29,30.5,29.7,23.2,22.8
32,2024-06-30,28.7,29.2,23.8,22.7
33,2024-01-07,30.1,29.2,23.8,22.7
34,2024-02-07,29.8,29.2,23.5,22.7
35,2024-03-07,30.4,29.2,23.4,22.7
36,2024-04-07,30.0,29.2,23.7,22.7
37,2024-05-07,29.6,29.0,23.4,22.6
38,2024-06-07,29.8,29.0,23.2,22.6
39,2024-07-07,29.6,29.0,22.3,22.6
40,2024-08-07,29.4,29.0,22.5,22.6
41,2024-09-07,29.4,29.0,21.2,22.6
42,2024-10-07,31.3,28.6,21.6,22.5
43,2024-11-07,30.9,28.6,21.4,22.5
44,2024-12-07,28.0,28.6,21.8,22.5
45,2024-07-13,26.6,28.6,21.0,22.5
46,2024-07-14,27.8,28.6,21.5,22.5
47,2024-07-15,30.0,28.3,23.2,22.4
48,2024-07-16,29.1,28.3,23.0,22.4
49,2024-07-17,29.2,28.3,22.9,22.4
50,2024-07-18,27.4,28.3,23.2,22.4
51,2024-07-19,27.6,28.3,22.9,22.4
52,2024-07-20,26.8,28.0,22.7,22.3
53,2024-07-21,28.2,28.0,22.8,22.3
54,2024-07-22,25.8,28.0,22.8,22.3
55,2024-07-23,26.8,28.0,22.9,22.3
56,2024-07-24,25.8,28.0,22.2,22.3
57,2024-07-25,23.9,27.6,21.9,22.1
58,2024-07-26,27.7,27.6,21.5,22.1
59,2024-07-27,27.3,27.6,23.2,22.1
60,2024-07-28,27.3,27.6,23.1,22.1
61,2024-07-29,27.1,27.6,22.8,22.1
62,2024-07-30,27.6,27.5,23.7,21.9
63,2024-07-31,27.3,27.5,23.2,21.9
64,2024-01-08,28.0,27.5,22.7,21.9
65,2024-02-08,25.5,27.5,22.4,21.9
66,2024-03-08,26.9,27.5,22.8,21.9
67,2024-04-08,24.7,27.3,22.2,21.9
68,2024-05-08,27.8,27.3,22.9,21.9
69,2024-06-08,28.4,27.3,22.4,21.9
70,2024-07-08,28.1,27.3,22.5,21.9
71,2024-08-08,29.4,27.3,22.6,21.9
72,2024-09-08,26.8,27.4,22.1,21.9
73,2024-10-08,27.6,27.4,21.8,21.9
74,2024-11-08,28.6,27.4,21.7,21.9
75,2024-12-08,30.6,27.4,21.6,21.9
76,2024-08-13,31.5,27.4,21.4,21.9
77,2024-08-14,31.7,27.6,22.0,21.8
78,2024-08-15,31.6,27.6,21.8,21.8
80,2024-08-17,32.6,27.6,22.6,21.8
81,2024-08-18,33.7,27.6,23.5,21.8
82,2024-08-19,32.7,28.4,21.8,21.6
83,2024-08-20,31.1,28.4,22.3,21.6
84,2024-08-21,31.5,28.4,22.5,21.6
85,2024-08-22,32.8,28.4,23.1,21.6
86,2024-08-23,29.5,28.4,23.8,21.6
87,2024-08-24,26.6,28.2,23.2,21.4
88,2024-08-25,26.6,28.2,21.2,21.4
89,2024-08-26,28.4,28.2,22.0,21.4
90,2024-08-27,28.1,28.2,21.4,21.4
91,2024-08-28,28.7,28.2,21.4,21.4
92,2024-08-29,29.2,28.2,22.1,21.4
93,2024-08-30,28.5,28.2,21.5,21.4
94,2024-08-31,29.3,28.2,21.5,21.4
95,2024-01-09,27.9,28.2,22.3,21.4
96,2024-02-09,26.2,28.2,22.5,21.4
97,2024-03-09,29.1,28.6,22.9,21.2
98,2024-04-09,29.6,28.6,22.7,21.2
99,2024-05-09,28.9,28.6,22.2,21.2
100,2024-06-09,29.1,28.6,22.1,21.2
101,2024-07-09,29.8,28.6,22.0,21.2
102,2024-08-09,29.8,29.0,21.7,21.0
103,2024-09-09,30.1,29.0,21.8,21.0
104,2024-10-09,30.0,29.0,22.0,21.0
105,2024-11-09,29.2,29.0,21.3,21.0
106,2024-12-09,28.4,29.0,21.2,21.0
107,2024-09-13,29.2,29.5,19.9,20.9
108,2024-09-14,29.7,29.5,19.2,20.9
109,2024-09-15,26.3,29.5,20.9,20.9
110,2024-09-16,30.1,29.5,18.7,20.9
111,2024-09-17,30.3,29.5,19.3,20.9
112,2024-09-18,31.0,29.5,18.8,20.9
113,2024-09-19,31.8,29.5,20.3,20.9
114,2024-09-20,32.2,29.5,22.6,20.9
115,2024-09-21,29.4,29.5,23.2,20.9
116,2024-09-22,31.6,29.5,21.3,20.9
117,2024-09-23,30.5,30.5,22.0,20.9
118,2024-09-24,31.1,30.5,22.5,20.9
119,2024-09-25,30.3,30.5,22.9,20.9
120,2024-09-26,29.4,30.5,22.2,20.9
121,2024-09-27,27.9,30.5,22.4,20.9
122,2024-09-28,28.8,30.9,21.8,21.0
123,2024-09-29,30.7,30.9,21.3,21.0
124,2024-09-30,33.2,30.9,20.4,21.0
125,2024-01-10,34.9,30.9,21.9,21.0
126,2024-02-10,33.8,30.9,23.4,21.0
127,2024-03-10,31.9,31.3,23.2,20.6
128,2024-04-10,31.9,31.3,21.5,20.6
